Fn = [0 0;1 0.8;2 1.6;3 1.6;4 1.6;5 1.6;6 0.8;7 0;8 0;9 0;10 0];
le = 1;
lv = 5;
R = 1;
Tin = [0 0;1 0.8;2 1.6;3 1.6;4 1.6;5 1.6;6 0.8;7 0;8 0;9 0;10 0];
be = 2;
bv = 1;
f1 = [1;6;11;16;21;26;31;36;41;46;51];
muk = 1;
mus = 1.5;
